40
0000000000000000000000000000000100010000
0000000000000000000000000111000000000000
0000000000000000000000000111000000000000
0000000000000000000000000000100001000000
0000000000000000000000000000000100010010
0000000000000000000000000111000000000000
0000000000000000000000000000100001000100
0000000000001000000100110000000000000000
0000000000001000000100110000000000000000
0000000000000000000000000000000000010010
0000000000000000000000000000000001000100
0000000000001000000100110000000000000000
0000000000000000000000000100000010001001
0000000000000000000000000100000010001001
0000000000000000000000000111000010001001
1010011001101000000000000000011000100000
0000000000000100000010000000000000000000
0000000000000000101000000000000000000000
1010011001101000000000000000011000100000
0000000000000100000010001000000000000000
0000000000000011010000000000000000000000
0000000000000000101001000000000000000000
1010011001101000000000000000011000100000
0000000000000011010000000000000000000000
0000000000000000001001000000000000000000
0000000000000000000010001000000000000000
0000000000000011010000000000000000000000
1010011001101000000100110000011000100000
0000000000001000000100110000000000000000
0001100000000000000000000000000000000000
0100000100000000000000000000000000000000
0000000000001000000100110000000000000000
0000000000001000000100110000000000000000
0100000010000000000000000000000000000000
0001000000010000000000000000000000000000
0000000000001000000100110000000000000000
0001100000010000000000000000000000000000
0000000000001000000100110000000000000000
0100000110000000000000000000000000000000
0000000000001000000100110000000000000000
0000000000000000000000000111000000000000
0000000000000000000000000000001000010000
0000000000000000000000000000010001000000
0000000000000000000000000111000000000000
0000000000000000000000000000001000010001
0000000000001000010001001000000000000000
0000000000000000000000000000010001001000
0000000000000000000000000111000000000000
0000000000000000000000000000000000010001
0000000000001000010001001000000000000000
0000000000001000010001001000000000000000
0000000000000000000000000000000001001000
0000000000000000000000000100000000100110
0000000000000000000000000100000000100110
0000000000000000000000000111000000100110
0000000000000010000010000000000000000000
1010100110011000000000000000100110000000
1010100110011000000000000000100110000000
0000000000000001001000000000000000000000
0000000000000010000010010000000000000000
1010100110011000000000000000100110000000
0000000000000001001000100000000000000000
0000000000000100100100000000000000000000
0000000000000000001000100000000000000000
0000000000000100100100000000000000000000
0000000000000100100100000000000000000000
0000000000000000000010010000000000000000
1010100110011000010001001000100110000000
0001010000000000000000000000000000000000
0000000000001000010001001000000000000000
0000000000001000010001001000000000000000
0100001000000000000000000000000000000000
0100000001000000000000000000000000000000
0000000000001000010001001000000000000000
0000000000001000010001001000000000000000
0001000000100000000000000000000000000000
0001010000100000000000000000000000000000
0000000000001000010001001000000000000000
0100001001000000000000000000000000000000
0000000000001000010001001000000000000000
0000000000000000000000000000000110000000
0000000000000000000000000000001000100000
0000000000000000000000000111000000000000
0000000000000000000000000111000000000000
0000000000001000001001100000000000000000
0000000000000000000000000000001000100100
0000000000000000000000000111000000000000
0000000000000000000000000000000110001000
0000000000001000001001100000000000000000
0000000000001000001001100000000000000000
0000000000000000000000000000000000100100
0000000000000000000000000000000010001000
0000000000000000000000000100000000010011
0000000000000000000000000100000000010011
0000000000000000000000000111000000010011
0101110011001000000000000000110001000000
0101110011001000000000000000110001000000
0000000000000000100100000000000000000000
0000000000000001010000000000000000000000
0101110011001000000000000000110001000000
0000000000000000100100010000000000000000
0000000000000110000010000000000000000000
0000000000000001010000001000000000000000
0000000000000110000010000000000000000000
0000000000000110000010000000000000000000
0000000000000000010000001000000000000000
0000000000000000000100010000000000000000
0101110011001000001001100000110001000000
0000000000001000001001100000000000000000
0000000000001000001001100000000000000000
0010000100000000000000000000000000000000
1000001000000000000000000000000000000000
0000000000001000001001100000000000000000
0000000000001000001001100000000000000000
1000000000010000000000000000000000000000
0010000000100000000000000000000000000000
0000000000001000001001100000000000000000
0010000100100000000000000000000000000000
0000000000001000001001100000000000000000
1000001000010000000000000000000000000000
0000000000000000000000000111000000000000
0000000000000000000000000111000000000000
0000000000000000000000000000010000100000
0000000000000000000000000000100010000000
0000000000000000000000000111000000000000
0000000000000000000000000000010000100010
0000000000001000000010011000000000000000
0000000000000000000000000000100010000001
0000000000000000000000000000000010000001
0000000000000000000000000000000000100010
0000000000001000000010011000000000000000
0000000000001000000010011000000000000000
0000000000000000000000000100000001001100
0000000000000000000000000100000001001100
0000000000000000000000000111000001001100
0000000000000010010000000000000000000000
0000000000000100000100000000000000000000
0101001100111000000000000000001100010000
0101001100111000000000000000001100010000
0000000000000001101000000000000000000000
0000000000000100000100100000000000000000
0101001100111000000000000000001100010000
0000000000000010010001000000000000000000
0000000000000000000100100000000000000000
0000000000000000010001000000000000000000
0000000000000001101000000000000000000000
0000000000000001101000000000000000000000
0101001100111000000010011000001100010000
1000010000000000000000000000000000000000
0010100000000000000000000000000000000000
0000000000001000000010011000000000000000
0000000000001000000010011000000000000000
0010000001000000000000000000000000000000
1000000010000000000000000000000000000000
0000000000001000000010011000000000000000
0000000000001000000010011000000000000000
0000000000001000000010011000000000000000
0010100001000000000000000000000000000000
0000000000001000000010011000000000000000
1000010010000000000000000000000000000000
