1024 1056 -3616 41
1024 1056 -3616 41
1024 1056 -3616 41
1024 1056 -3616 41
1024 1056 -3616 41
1024 1056 -3616 41
1024 1056 -3616 41
1024 1056 -3616 41
1024 1056 -3616 41
1024 1055 -3616 40
1024 1055 -3614 40
1024 1055 -3612 40
1024 1055 -3609 40
1024 1055 -3606 39
1024 1055 -3602 39
1024 1055 -3598 39
1024 1055 -3594 40
1024 1055 -3589 40
1024 1055 -3584 42
1024 1055 -3578 43
1024 1055 -3572 44
1024 1055 -3566 45
1024 1055 -3560 45
1024 1055 -3554 45
1024 1055 -3547 45
1024 1055 -3540 44
1044 1055 -3533 42
1064 1055 -3526 41
1084 1055 -3519 39
1104 1055 -3512 37
1124 1055 -3505 35
1164 1054 -3497 34
1204 1054 -3490 33
1244 1053 -3482 34
1284 1052 -3475 35
1324 1050 -3467 36
1324 1049 -3459 38
1324 1047 -3452 40
1324 1045 -3444 43
1324 1043 -3437 45
1324 1041 -3429 47
1324 1039 -3422 48
1344 1036 -3414 48
1364 1033 -3407 48
1384 1031 -3400 47
1404 1028 -3392 45
1424 1024 -3385 43
1464 1021 -3378 41
1504 1017 -3370 38
1544 1014 -3363 41
1584 1010 -3356 39
1624 1007 -3349 36
1664 1003 -3341 25
1704 998 -3334 33
1744 994 -3326 31
1784 990 -3319 28
1784 985 -3311 22
1784 980 -3303 24
1784 974 -3296 27
1784 969 -3290 29
1804 963 -3283 31
1824 957 -3277 32
1844 951 -3271 32
1864 944 -3266 32
1884 938 -3261 31
1924 931 -3256 30
1964 924 -3252 29
2004 917 -3248 29
2044 910 -3244 28
2084 903 -3241 27
2124 896 -3238 27
2164 888 -3235 28
2164 881 -3233 29
2164 873 -3232 32
2164 866 -3230 34
2164 858 -3229 36
2164 850 -3228 38
2164 842 -3227 40
2164 835 -3227 43
2164 827 -3226 45
2164 819 -3226 47
2164 811 -3226 48
2164 803 -3226 48
2164 795 -3227 48
2144 787 -3227 47
2124 779 -3227 45
2104 771 -3228 43
2084 763 -3228 41
2084 755 -3229 38
2084 747 -3229 36
2064 739 -3230 34
2044 731 -3230 33
2024 722 -3230 33
2004 714 -3231 33
1984 706 -3231 34
1944 698 -3231 36
1944 690 -3231 38
1944 682 -3230 40
1944 673 -3230 41
1944 665 -3230 39
1944 657 -3230 36
1944 648 -3229 40
1944 639 -3229 40
1944 630 -3228 40
1944 621 -3228 39
1944 613 -3227 38
1944 604 -3226 35
1964 595 -3226 33
1984 587 -3225 30
2004 578 -3224 28
2024 570 -3223 26
2024 561 -3223 25
2024 553 -3222 25
2024 544 -3221 25
2024 536 -3221 26
2024 527 -3220 27
2024 519 -3220 30
2024 510 -3219 32
2024 502 -3219 35
2024 493 -3218 37
2024 485 -3218 39
2024 477 -3217 40
2024 468 -3217 40
2044 460 -3217 40
2064 451 -3216 39
2084 443 -3216 38
2104 435 -3216 35
2124 426 -3216 33
2164 418 -3216 30
2204 410 -3216 28
2244 401 -3217 26
2244 393 -3217 25
2244 385 -3218 25
2244 377 -3219 25
2244 368 -3220 26
2244 360 -3221 27
2244 352 -3223 30
2244 344 -3224 32
2224 336 -3226 34
2204 328 -3227 37
2184 320 -3229 41
2164 311 -3230 44
2144 303 -3232 47
2104 295 -3234 52
2104 287 -3235 54
2104 279 -3236 56
2104 271 -3238 58
2104 262 -3239 61
2104 254 -3240 62
2104 246 -3241 63
2104 238 -3242 65
2104 230 -3243 69
2104 221 -3244 71
2084 213 -3245 75
2064 205 -3246 80
2044 197 -3247 87
2024 188 -3248 92
2004 180 -3248 99
1964 172 -3249 105
1964 163 -3249 112
1964 155 -3249 118
1964 147 -3249 123
1964 139 -3249 127
1964 130 -3249 132
1964 122 -3249 134
1964 114 -3248 136
1964 106 -3248 138
1984 97 -3248 140
2004 89 -3247 142
2024 81 -3247 140
2044 72 -3246 138
2064 64 -3246 137
2104 56 -3246 137
2144 48 -3246 137
2184 39 -3246 138
2224 31 -3246 139
2264 23 -3247 141
2304 15 -3247 144
2344 7 -3248 146
2344 -1 -3250 149
2344 -9 -3251 151
2324 -17 -3253 152
2304 -25 -3255 152
2284 -33 -3257 152
2264 -41 -3259 151
2244 -49 -3261 150
2204 -57 -3263 148
2164 -64 -3264 145
2124 -71 -3266 143
2084 -77 -3268 142
2044 -82 -3269 142
2004 -87 -3270 142
1964 -91 -3271 142
1924 -95 -3272 142
1884 -99 -3273 143
1844 -102 -3274 144
1804 -105 -3275 144
1764 -108 -3276 144
1724 -110 -3276 145
1684 -112 -3277 145
1644 -114 -3277 145
1604 -116 -3278 145
1564 -118 -3278 145
1524 -119 -3279 145
1484 -121 -3279 145
1444 -122 -3279 145
1404 -123 -3280 145
1364 -124 -3280 145
1324 -125 -3280 144
1284 -126 -3280 144
1244 -126 -3280 144
1204 -127 -3281 144
1164 -128 -3281 144
1124 -128 -3281 144
1084 -129 -3281 144
1044 -129 -3281 144
1004 -130 -3281 144
964 -130 -3281 144
924 -130 -3282 145
884 -131 -3282 145
844 -131 -3282 145
804 -131 -3282 145
764 -132 -3282 145
724 -132 -3282 145
684 -132 -3282 145
644 -132 -3282 145
604 -132 -3282 145
564 -132 -3282 145
524 -132 -3282 144
484 -133 -3282 144
444 -133 -3282 144
404 -132 -3282 144
364 -131 -3281 144
324 -129 -3280 144
284 -127 -3278 144
244 -124 -3277 144
204 -121 -3275 144
164 -117 -3274 144
124 -113 -3272 145
84 -109 -3271 146
44 -104 -3269 147
4 -98 -3268 148
4060 -93 -3266 148
4060 -87 -3265 149
4060 -81 -3265 149
4060 -75 -3264 148
4060 -69 -3263 147
4060 -62 -3263 145
4060 -55 -3262 143
4060 -48 -3262 142
4080 -41 -3261 140
4 -34 -3261 139
24 -27 -3261 138
44 -19 -3261 138
44 -12 -3260 138
44 -5 -3260 140
44 3 -3260 141
44 11 -3259 144
44 19 -3259 146
44 26 -3258 148
44 34 -3258 150
44 42 -3257 152
44 50 -3257 152
44 58 -3256 152
44 66 -3256 151
44 74 -3255 150
44 82 -3255 148
44 90 -3254 145
44 98 -3254 143
44 106 -3253 141
44 114 -3253 139
44 123 -3252 137
44 131 -3252 137
44 139 -3251 137
44 147 -3251 137
44 155 -3250 145
44 163 -3250 143
44 172 -3249 140
44 180 -3249 136
44 188 -3248 131
44 196 -3248 125
44 204 -3247 118
44 213 -3247 120
44 222 -3246 113
44 231 -3245 111
44 240 -3245 108
44 249 -3244 104
44 258 -3244 99
44 267 -3243 93
44 276 -3242 86
44 285 -3242 78
44 294 -3241 69
44 304 -3241 55
44 314 -3240 63
44 323 -3239 61
44 333 -3239 58
44 343 -3238 54
44 353 -3237 49
44 362 -3237 43
44 372 -3236 36
44 383 -3235 36
44 393 -3235 37
44 403 -3234 37
44 413 -3233 37
44 423 -3233 36
64 433 -3232 35
84 442 -3231 33
104 452 -3231 31
124 461 -3230 30
144 470 -3229 29
184 479 -3228 27
224 488 -3227 25
264 497 -3225 25
304 506 -3224 25
344 514 -3222 25
344 523 -3220 27
344 531 -3217 29
344 539 -3215 31
344 547 -3212 34
344 555 -3209 36
344 563 -3206 38
344 571 -3203 40
344 579 -3200 40
344 587 -3197 40
344 595 -3194 40
344 602 -3190 38
344 610 -3187 36
344 617 -3183 34
344 625 -3180 31
344 632 -3176 29
344 640 -3172 27
344 647 -3168 25
344 655 -3165 25
364 662 -3161 25
384 670 -3157 25
404 677 -3153 27
424 684 -3149 29
444 691 -3145 31
444 698 -3140 35
444 705 -3136 38
444 712 -3131 42
444 719 -3127 45
444 726 -3122 48
444 733 -3117 48
424 740 -3113 48
404 747 -3108 46
384 754 -3103 44
364 760 -3099 42
344 767 -3094 39
304 774 -3089 37
304 781 -3085 35
304 788 -3081 33
304 795 -3076 33
304 802 -3072 33
304 810 -3068 33
284 817 -3063 35
264 824 -3059 37
244 831 -3055 39
224 839 -3051 42
204 846 -3048 44
164 853 -3044 46
124 861 -3041 48
84 869 -3038 48
44 876 -3035 48
44 884 -3032 48
44 892 -3029 46
44 899 -3027 44
44 907 -3025 42
44 915 -3023 39
44 923 -3021 37
24 931 -3019 35
4 939 -3018 33
4080 947 -3016 33
4060 955 -3015 33
4060 963 -3014 33
4060 972 -3013 35
4060 980 -3012 37
4060 988 -3011 39
4060 996 -3011 42
4080 1004 -3010 44
4 1012 -3010 46
24 1021 -3009 48
44 1029 -3009 48
64 1037 -3008 48
104 1045 -3008 48
144 1053 -3007 46
184 1062 -3006 44
224 1070 -3005 42
264 1078 -3004 39
304 1086 -3003 37
304 1094 -3001 35
304 1102 -2999 33
304 1110 -2997 33
304 1118 -2995 33
304 1126 -2992 33
304 1133 -2990 35
304 1141 -2987 37
304 1149 -2985 39
304 1156 -2982 42
304 1164 -2979 44
324 1172 -2976 46
344 1179 -2973 48
364 1187 -2970 48
384 1194 -2966 48
404 1202 -2963 48
444 1209 -2959 46
484 1216 -2955 44
524 1223 -2951 42
564 1230 -2947 39
604 1237 -2942 37
644 1244 -2938 35
684 1250 -2933 33
724 1256 -2927 33
764 1262 -2922 33
804 1267 -2916 33
844 1273 -2911 35
884 1278 -2904 37
924 1282 -2898 39
964 1286 -2892 41
1004 1290 -2885 44
1044 1294 -2878 45
1084 1297 -2871 47
1124 1299 -2864 47
1124 1302 -2857 48
1124 1303 -2850 47
1124 1305 -2842 46
1124 1306 -2835 44
1124 1308 -2827 42
1124 1308 -2820 40
1124 1309 -2812 37
1124 1310 -2804 35
1124 1310 -2797 34
1124 1310 -2789 33
1124 1310 -2781 33
1124 1310 -2773 33
1124 1310 -2765 35
1124 1310 -2757 37
1124 1309 -2749 39
1124 1309 -2741 41
1104 1308 -2733 44
1084 1308 -2725 46
1064 1307 -2717 47
1044 1307 -2709 48
1024 1306 -2701 48
984 1306 -2693 48
944 1306 -2685 46
904 1306 -2677 44
864 1306 -2668 42
824 1306 -2660 40
784 1307 -2652 37
744 1308 -2644 35
704 1309 -2636 34
664 1310 -2628 33
624 1312 -2620 33
584 1314 -2613 33
544 1316 -2605 35
504 1319 -2598 37
464 1322 -2591 39
424 1326 -2584 41
384 1329 -2577 44
344 1333 -2570 45
304 1338 -2564 47
264 1343 -2558 48
224 1348 -2552 48
184 1353 -2547 47
144 1358 -2542 46
104 1364 -2537 44
104 1370 -2533 42
104 1376 -2529 40
104 1383 -2525 38
104 1389 -2521 36
104 1396 -2518 34
104 1402 -2515 35
104 1408 -2512 36
104 1413 -2510 37
104 1417 -2507 38
104 1421 -2505 39
104 1425 -2503 40
104 1429 -2502 41
104 1432 -2500 41
84 1434 -2499 41
64 1437 -2498 41
44 1439 -2496 41
24 1441 -2495 41
4 1443 -2494 41
4060 1445 -2494 41
4060 1446 -2493 41
4060 1448 -2492 41
4060 1449 -2491 40
4060 1450 -2491 40
4060 1451 -2490 40
4060 1452 -2490 40
4060 1453 -2489 40
4060 1454 -2489 40
4060 1454 -2489 40
4060 1455 -2488 40
4060 1456 -2488 40
4060 1456 -2488 40
4060 1457 -2488 41
4060 1457 -2487 41
4060 1457 -2487 41
4060 1458 -2487 41
4060 1458 -2487 41
4060 1458 -2487 41
4060 1459 -2487 41
4060 1460 -2487 41
4060 1461 -2486 41
4060 1464 -2487 41
4060 1467 -2487 40
4060 1470 -2487 40
4060 1473 -2487 40
4060 1476 -2487 40
4060 1478 -2487 40
4060 1481 -2487 40
4060 1483 -2487 40
4060 1485 -2487 40
4060 1486 -2487 40
4060 1488 -2487 40
4060 1489 -2487 41
4060 1491 -2487 41
4060 1492 -2487 41
4060 1493 -2487 41
4060 1494 -2487 41
4060 1495 -2487 41
4060 1495 -2487 41
4060 1496 -2487 41
4060 1497 -2487 41
4060 1497 -2487 41
4060 1498 -2487 40
4060 1498 -2487 40
4060 1499 -2487 40
4060 1499 -2488 40
4060 1499 -2488 40
4060 1500 -2488 40
4060 1501 -2488 40
4060 1503 -2488 40
4060 1505 -2488 40
4060 1508 -2488 40
4060 1511 -2488 41
4060 1515 -2488 41
4060 1519 -2489 42
4060 1524 -2489 43
4060 1529 -2489 44
4060 1534 -2489 44
4060 1540 -2490 44
4060 1546 -2490 44
4060 1552 -2490 43
4060 1558 -2491 42
4060 1565 -2491 40
4060 1572 -2491 38
4040 1578 -2492 37
4020 1585 -2492 35
4000 1592 -2493 34
3980 1600 -2493 34
3960 1607 -2494 34
3920 1614 -2495 35
3880 1622 -2496 37
3840 1629 -2497 39
3800 1636 -2499 41
3760 1644 -2500 43
3760 1651 -2502 45
3760 1659 -2504 47
3760 1666 -2507 48
3760 1673 -2509 48
3760 1681 -2512 48
3760 1688 -2515 46
3760 1695 -2518 45
3760 1703 -2521 43
3760 1710 -2524 40
3760 1717 -2527 38
3760 1725 -2530 35
3780 1732 -2534 34
3800 1739 -2537 33
3840 1754 -2544 33
3900 1769 -2550 36
3940 1776 -2553 38
3980 1784 -2556 41
3980 1792 -2559 43
3980 1799 -2562 45
3980 1807 -2564 47
3980 1815 -2567 48
3980 1839 -2574 47
3980 1846 -2576 45
3980 1870 -2582 38
3980 1878 -2584 36
3980 1886 -2586 34
3980 1894 -2588 33
3980 1919 -2593 34
3980 1943 -2598 41
3980 1951 -2600 43
3980 1959 -2602 45
3980 1967 -2603 47
3980 1992 -2608 48
3980 2000 -2610 47
3980 2008 -2611 45
3980 2016 -2613 43
3980 2025 -2614 40
3980 2033 -2616 38
3980 2041 -2617 36
3980 2049 -2619 34
3980 2057 -2620 33
3980 2065 -2622 33
3980 2074 -2623 33
3980 2082 -2625 34
3980 2090 -2626 36
3980 2098 -2628 38
4000 2106 -2629 41
4020 2115 -2631 43
4040 2123 -2632 45
4060 2131 -2633 47
4080 2139 -2635 48
24 2147 -2636 48
64 2156 -2637 48
104 2164 -2637 47
144 2172 -2638 45
144 2180 -2638 43
144 2189 -2638 40
144 2197 -2638 38
144 2205 -2637 36
144 2213 -2637 34
144 2221 -2636 33
144 2230 -2636 33
124 2238 -2635 33
104 2246 -2634 34
84 2254 -2633 36
64 2262 -2632 38
44 2271 -2632 41
44 2279 -2631 43
44 2287 -2630 45
44 2295 -2629 47
44 2304 -2628 48
44 2312 -2628 48
44 2320 -2627 48
44 2328 -2626 47
44 2337 -2626 45
44 2345 -2625 43
44 2353 -2624 40
44 2361 -2624 38
44 2370 -2623 36
44 2378 -2622 34
44 2386 -2622 33
44 2395 -2621 33
44 2403 -2620 33
44 2411 -2620 34
44 2419 -2619 36
44 2428 -2619 38
44 2436 -2618 41
44 2444 -2617 43
44 2453 -2617 45
24 2461 -2616 47
4 2469 -2616 48
4080 2478 -2615 48
4060 2486 -2615 48
4040 2494 -2615 47
4000 2502 -2615 45
3960 2511 -2615 43
3920 2519 -2615 40
3880 2527 -2615 41
3840 2536 -2615 39
3800 2544 -2616 36
3760 2553 -2616 25
3760 2562 -2617 25
3760 2570 -2618 25
3760 2579 -2620 26
3760 2587 -2622 28
3760 2595 -2624 30
3760 2604 -2626 33
3760 2612 -2628 35
3760 2620 -2631 37
3760 2628 -2633 39
3760 2636 -2636 40
3760 2643 -2639 40
3740 2651 -2642 40
3720 2659 -2645 39
3700 2666 -2649 37
3680 2674 -2652 35
3660 2681 -2656 33
3620 2689 -2660 30
3580 2696 -2664 28
3580 2703 -2668 26
3580 2710 -2672 25
3580 2717 -2677 25
3580 2724 -2681 33
3580 2730 -2686 31
3580 2737 -2690 28
3580 2745 -2696 22
3580 2752 -2701 24
3580 2759 -2706 27
3580 2766 -2711 29
3580 2773 -2717 31
3580 2780 -2722 32
3580 2786 -2727 32
3580 2793 -2733 32
3580 2800 -2738 31
3580 2806 -2744 29
3580 2812 -2750 27
3580 2819 -2755 25
3580 2825 -2761 22
3580 2831 -2767 20
3580 2838 -2772 25
3580 2844 -2778 23
3580 2850 -2784 20
3580 2857 -2790 9
3580 2864 -2796 10
3580 2871 -2802 12
3560 2877 -2808 14
3540 2884 -2815 16
3520 2890 -2821 19
3500 2896 -2827 21
3480 2902 -2833 23
3440 2908 -2840 24
3400 2914 -2846 24
3360 2920 -2853 24
3320 2925 -2859 23
3280 2930 -2866 21
3240 2935 -2873 19
3200 2939 -2880 17
3160 2944 -2887 14
3120 2947 -2895 12
3080 2951 -2902 10
3080 2954 -2909 9
3080 2957 -2917 9
3080 2960 -2924 9
3080 2962 -2932 10
3080 2964 -2940 12
3080 2966 -2948 14
3080 2968 -2955 16
3080 2970 -2963 19
3080 2971 -2971 21
3080 2972 -2979 23
3080 2974 -2987 24
3080 2975 -2995 24
3080 2976 -3003 24
3080 2977 -3011 23
3080 2978 -3020 21
3080 2979 -3028 19
3060 2979 -3036 17
3040 2980 -3044 14
3020 2980 -3052 12
3000 2981 -3060 10
3000 2981 -3069 9
3000 2981 -3077 9
3000 2981 -3085 9
3000 2981 -3093 10
3020 2981 -3101 12
3040 2981 -3110 14
3060 2981 -3118 16
3080 2981 -3126 19
3100 2981 -3134 21
3140 2981 -3143 23
3180 2981 -3151 24
3220 2981 -3159 24
3260 2982 -3167 24
3300 2982 -3176 23
3340 2983 -3184 21
3380 2984 -3192 19
3420 2986 -3200 17
3460 2988 -3208 14
3460 2990 -3215 12
3480 2992 -3223 10
3500 2995 -3231 9
3520 2998 -3238 9
3520 3001 -3246 9
3520 3004 -3253 10
3520 3007 -3260 12
3520 3011 -3267 14
3520 3015 -3274 16
3520 3019 -3281 19
3520 3023 -3288 21
3500 3027 -3295 23
3480 3031 -3302 24
3460 3036 -3309 24
3440 3040 -3316 24
3420 3044 -3323 23
3380 3048 -3330 22
3340 3053 -3337 19
3300 3057 -3344 17
3260 3060 -3351 14
3220 3064 -3359 12
3180 3068 -3366 10
3140 3071 -3373 17
3100 3074 -3381 9
3060 3077 -3388 9
3020 3080 -3396 10
2980 3082 -3404 11
2940 3084 -3411 14
2900 3085 -3419 16
2900 3086 -3427 18
2900 3087 -3435 21
2900 3088 -3443 22
2900 3088 -3450 24
2880 3088 -3458 24
2860 3088 -3466 24
2840 3087 -3474 23
2820 3086 -3482 21
2800 3085 -3490 19
2760 3084 -3497 17
2720 3083 -3505 15
2680 3081 -3513 12
2640 3079 -3520 11
2640 3076 -3528 9
2640 3074 -3535 9
2640 3071 -3542 9
2640 3068 -3550 10
2640 3064 -3557 12
2660 3061 -3564 14
2680 3057 -3571 16
2700 3054 -3578 18
2720 3050 -3585 21
2740 3046 -3592 23
2780 3042 -3600 24
2820 3039 -3607 24
2860 3035 -3614 24
2900 3032 -3621 23
2940 3028 -3629 22
2980 3025 -3636 19
3020 3023 -3644 17
3020 3020 -3651 15
3020 3017 -3659 12
3020 3015 -3667 10
3020 3013 -3675 9
3020 3011 -3683 9
3020 3009 -3691 9
3020 3007 -3698 10
3040 3006 -3706 11
3060 3004 -3714 13
3080 3003 -3722 16
3080 3002 -3731 18
3080 3001 -3739 21
3080 3000 -3747 23
3080 2999 -3755 24
3080 2998 -3763 24
3080 2997 -3770 23
3080 2997 -3777 21
3060 2996 -3783 20
3040 2995 -3789 18
3020 2995 -3794 17
3000 2995 -3798 16
2980 2994 -3802 15
2940 2994 -3806 15
2900 2993 -3809 15
2860 2993 -3812 15
2820 2993 -3815 16
2780 2993 -3818 16
2740 2992 -3820 16
2700 2992 -3822 16
2660 2992 -3824 16
2620 2992 -3826 17
2580 2992 -3827 17
2540 2992 -3828 17
2500 2992 -3830 17
2460 2991 -3831 17
2420 2991 -3832 17
2380 2991 -3833 17
2340 2991 -3834 17
2300 2991 -3834 17
2260 2991 -3835 17
2260 2991 -3836 16
2260 2991 -3836 16
2260 2991 -3837 16
2260 2991 -3837 16
2260 2991 -3838 16
2260 2991 -3838 16
2260 2991 -3838 16
2260 2991 -3839 16
2260 2991 -3839 16
2260 2991 -3839 16
2260 2991 -3840 17
2260 2991 -3840 17
2260 2991 -3840 17
2260 2991 -3840 17
2260 2990 -3840 17
2260 2990 -3840 17
2260 2990 -3841 17
2260 2990 -3841 17
2260 2990 -3841 17
2260 2990 -3841 17
2260 2990 -3841 16
2260 2990 -3841 16
2260 2990 -3841 16
2260 2990 -3841 16
2260 2990 -3841 16
2260 2990 -3841 17
2240 2990 -3841 17
2220 2990 -3841 17
2200 2990 -3841 17
2180 2990 -3841 17
2160 2990 -3841 17
2120 2990 -3841 17
2120 2990 -3841 17
2120 2990 -3841 17
2120 2990 -3841 17
2120 2990 -3841 17
2120 2990 -3841 17
2120 2990 -3841 17
2120 2990 -3841 17
2120 2988 -3842 17
2120 2986 -3842 16
2120 2983 -3842 16
2120 2980 -3842 16
2120 2976 -3843 15
2120 2972 -3843 14
2120 2968 -3844 14
2120 2963 -3844 14
2120 2958 -3845 14
2120 2952 -3846 15
2120 2947 -3846 16
2120 2941 -3847 17
2120 2934 -3848 19
2120 2928 -3848 20
2120 2921 -3849 21
2120 2915 -3850 22
2120 2908 -3850 22
2120 2901 -3851 22
2120 2894 -3852 21
2120 2886 -3853 19
2120 2879 -3854 17
2120 2872 -3855 15
2120 2864 -3855 13
2120 2857 -3856 11
2120 2849 -3857 17
2120 2841 -3858 15
2120 2834 -3859 12
2120 2826 -3860 8
2120 2819 -3860 3
2120 2811 -3861 -3
2120 2804 -3862 -10
2120 2795 -3863 -14
2120 2787 -3864 -15
2120 2778 -3865 -17
2120 2770 -3866 -20
2120 2762 -3867 -24
2120 2753 -3868 -29
2120 2745 -3869 -35
2120 2737 -3870 -42
2120 2728 -3871 -44
2120 2718 -3872 -47
2140 2709 -3873 -49
2160 2700 -3874 -52
2180 2691 -3875 -56
2200 2682 -3876 -61
2220 2673 -3877 -67
2260 2664 -3878 -74
2300 2654 -3879 -87
2340 2644 -3880 -85
2380 2635 -3882 -79
2420 2625 -3884 -81
2460 2615 -3885 -84
2500 2606 -3887 -88
2540 2596 -3888 -93
2580 2586 -3890 -88
2580 2576 -3893 -88
2580 2567 -3895 -88
2580 2558 -3899 -88
2580 2549 -3902 -90
2580 2541 -3906 -92
2580 2532 -3910 -94
2580 2524 -3914 -97
2580 2517 -3918 -99
2580 2509 -3922 -101
2560 2502 -3927 -103
2540 2495 -3932 -103
2520 2487 -3936 -103
2500 2480 -3941 -103
2480 2473 -3946 -101
2480 2466 -3951 -99
2480 2459 -3956 -97
2480 2452 -3961 -94
2480 2445 -3966 -92
2480 2439 -3970 -90
2480 2432 -3975 -88
2480 2425 -3980 -88
2480 2418 -3985 -88
2480 2411 -3990 -88
2460 2405 -3995 -90
2440 2398 -4000 -92
2420 2391 -4005 -94
2400 2384 -4010 -97
2380 2377 -4015 -99
2340 2370 -4020 -101
2300 2363 -4024 -103
2260 2356 -4029 -103
2220 2349 -4033 -103
2180 2342 -4037 -103
2140 2335 -4040 -101
2100 2327 -4044 -99
2060 2320 -4047 -97
2020 2312 -4050 -94
1980 2304 -4052 -92
1940 2297 -4054 -90
1900 2289 -4056 -88
1860 2281 -4057 -88
1820 2273 -4058 -88
1780 2265 -4059 -89
1740 2258 -4059 -90
1700 2250 -4058 -92
1660 2242 -4058 -94
1620 2235 -4057 -97
1580 2227 -4055 -99
1540 2220 -4053 -101
1500 2213 -4051 -102
1460 2206 -4048 -102
1420 2199 -4045 -102
1380 2193 -4042 -102
1380 2187 -4038 -100
1380 2181 -4034 -99
1380 2175 -4029 -97
1380 2169 -4024 -94
1380 2163 -4020 -92
1380 2158 -4014 -90
1380 2152 -4009 -89
1360 2147 -4004 -88
1340 2142 -3998 -88
1320 2137 -3992 -89
1300 2132 -3986 -90
1280 2127 -3980 -92
1240 2123 -3974 -94
1200 2118 -3967 -97
1160 2114 -3961 -99
1120 2110 -3954 -101
1080 2107 -3947 -102
1040 2104 -3940 -103
1000 2101 -3933 -103
960 2098 -3925 -102
920 2096 -3918 -101
880 2094 -3911 -97
840 2093 -3903 -92
840 2092 -3896 -88
840 2091 -3888 -83
840 2091 -3880 -78
840 2091 -3873 -74
840 2091 -3865 -70
840 2091 -3857 -66
840 2091 -3850 -63
840 2092 -3842 -61
840 2093 -3834 -60
860 2094 -3826 -59
880 2095 -3818 -58
900 2096 -3810 -55
920 2097 -3803 -54
940 2098 -3795 -52
980 2099 -3787 -49
1020 2100 -3779 -44
1020 2101 -3771 -40
1020 2101 -3762 -35
1020 2102 -3754 -29
1020 2103 -3746 -22
1020 2103 -3738 -15
1020 2104 -3730 -12
1000 2104 -3722 -10
980 2105 -3714 -8
960 2105 -3705 -8
940 2106 -3697 -8
920 2107 -3689 -8
880 2107 -3681 -10
840 2108 -3673 -12
800 2109 -3664 -14
760 2111 -3656 -17
720 2112 -3648 -19
680 2114 -3640 -21
640 2116 -3633 -23
600 2118 -3625 -23
560 2121 -3617 -23
520 2124 -3610 -23
480 2127 -3603 -20
440 2129 -3597 -18
400 2131 -3591 -16
360 2133 -3586 -15
320 2135 -3582 -14
280 2136 -3578 -14
240 2138 -3574 -14
200 2139 -3570 -14
160 2140 -3567 -14
120 2142 -3565 -14
80 2143 -3562 -15
40 2143 -3560 -15
0 2144 -3558 -15
4056 2145 -3556 -16
4016 2146 -3554 -16
3976 2146 -3552 -16
3936 2147 -3551 -16
3896 2147 -3550 -16
3856 2148 -3549 -16
3816 2148 -3548 -16
3776 2149 -3547 -16
3736 2149 -3546 -16
3696 2149 -3545 -16
3656 2149 -3544 -15
3616 2150 -3544 -15
3576 2150 -3543 -15
3536 2150 -3543 -15
3496 2150 -3542 -15
3456 2150 -3542 -15
3416 2151 -3541 -15
3376 2151 -3541 -15
3336 2151 -3541 -15
3296 2151 -3540 -15
3256 2151 -3540 -16
3216 2151 -3540 -16
3176 2151 -3540 -16
3136 2151 -3539 -16
3096 2151 -3539 -16
3056 2151 -3539 -16
3016 2151 -3540 -16
2976 2151 -3541 -16
2936 2151 -3543 -16
2896 2151 -3546 -16
2896 2150 -3549 -15
2896 2149 -3552 -15
2896 2148 -3556 -14
2896 2147 -3561 -13
2896 2146 -3565 -13
2896 2145 -3570 -12
2896 2144 -3575 -12
2896 2142 -3581 -12
2896 2141 -3587 -13
2916 2139 -3593 -15
2936 2138 -3599 -16
2956 2136 -3605 -18
2976 2135 -3612 -19
2996 2133 -3619 -21
2996 2132 -3625 -22
2996 2130 -3632 -22
2996 2129 -3640 -21
2996 2128 -3647 -21
2996 2126 -3654 -19
2996 2125 -3662 -17
2996 2124 -3669 -15
2996 2123 -3677 -13
3016 2122 -3684 -11
3036 2120 -3692 -9
3056 2119 -3700 -8
3076 2119 -3708 -8
3096 2118 -3715 -8
3096 2117 -3723 -10
3096 2116 -3731 -11
3096 2116 -3739 -14
3096 2116 -3747 -16
3096 2115 -3755 -19
3096 2115 -3763 -21
3096 2115 -3771 -22
3096 2114 -3780 -23
3096 2114 -3788 -23
3096 2114 -3796 -23
3096 2114 -3804 -15
3096 2114 -3812 -17
3096 2114 -3820 -20
3096 2114 -3828 -24
3096 2114 -3837 -29
3116 2114 -3845 -35
3136 2114 -3853 -42
3156 2114 -3862 -40
3176 2114 -3871 -47
3196 2114 -3880 -49
3236 2114 -3888 -52
3276 2114 -3888 -56
3316 2114 -3888 -61
3356 2114 -3889 -64
3396 2114 -3890 -63
3436 2115 -3890 -65
3476 2115 -3891 -68
3516 2115 -3892 -72
3556 2115 -3892 -77
3596 2116 -3894 -80
3636 2118 -3895 -80
3676 2120 -3897 -80
3716 2122 -3900 -80
3756 2125 -3902 -79
3796 2128 -3904 -79
3836 2132 -3907 -78
3836 2136 -3910 -77
3836 2140 -3912 -76
3836 2145 -3915 -76
3836 2150 -3918 -76
3816 2155 -3921 -76
3796 2159 -3923 -79
3776 2159 -3924 -81
3756 2159 -3924 -84
3736 2159 -3925 -88
3696 2159 -3925 -93
3656 2159 -3926 -96
3616 2159 -3928 -96
3616 2159 -3929 -96
3616 2159 -3931 -96
3616 2159 -3933 -96
3616 2159 -3935 -96
3636 2160 -3938 -96
3656 2161 -3941 -95
3676 2163 -3944 -95
3696 2165 -3947 -94
3716 2168 -3951 -94
3756 2171 -3954 -93
3796 2174 -3958 -93
3836 2178 -3961 -92
3876 2182 -3964 -93
3916 2187 -3968 -93
3956 2192 -3971 -94
3996 2197 -3974 -96
3996 2202 -3977 -97
3996 2208 -3979 -99
3996 2214 -3982 -100
3996 2220 -3984 -101
3996 2227 -3987 -101
3996 2233 -3989 -101
3996 2240 -3991 -100
3996 2247 -3993 -99
4016 2254 -3995 -97
4036 2261 -3997 -95
4056 2268 -3998 -93
4076 2276 -4000 -91
0 2283 -4001 -89
40 2291 -4003 -88
80 2298 -4004 -88
120 2306 -4005 -89
160 2313 -4005 -90
200 2321 -4005 -92
240 2329 -4005 -94
240 2337 -4005 -96
240 2344 -4004 -98
240 2352 -4003 -100
240 2360 -4002 -102
240 2368 -4001 -103
240 2375 -4000 -103
240 2383 -3998 -103
240 2391 -3997 -102
260 2398 -3995 -100
280 2406 -3993 -98
300 2414 -3991 -95
320 2422 -3989 -93
340 2429 -3986 -90
380 2437 -3983 -89
420 2444 -3980 -88
420 2452 -3977 -88
420 2459 -3974 -88
420 2466 -3971 -89
420 2473 -3967 -91
420 2481 -3963 -93
420 2488 -3960 -96
420 2495 -3956 -98
420 2502 -3952 -101
420 2509 -3947 -102
400 2516 -3943 -103
380 2523 -3939 -103
360 2530 -3935 -103
340 2537 -3931 -102
320 2544 -3926 -100
280 2551 -3922 -98
240 2558 -3918 -95
200 2565 -3914 -93
200 2573 -3910 -90
200 2580 -3907 -89
200 2587 -3903 -88
200 2595 -3900 -88
200 2602 -3896 -88
200 2610 -3893 -89
200 2617 -3890 -91
200 2625 -3887 -93
200 2633 -3884 -96
200 2640 -3881 -98
200 2648 -3878 -100
200 2656 -3875 -100
200 2664 -3872 -99
200 2671 -3869 -97
180 2679 -3866 -94
160 2687 -3863 -89
140 2695 -3861 -84
120 2703 -3858 -80
100 2711 -3856 -75
60 2719 -3854 -70
20 2727 -3852 -65
4076 2735 -3850 -60
4036 2743 -3848 -56
3996 2751 -3847 -54
3956 2759 -3846 -52
3916 2767 -3845 -51
3876 2775 -3845 -50
3876 2783 -3844 -49
3876 2791 -3845 -49
3876 2799 -3845 -48
3876 2807 -3846 -46
3876 2815 -3846 -43
3876 2823 -3847 -40
3876 2831 -3849 -37
3876 2839 -3850 -32
3876 2847 -3851 -26
3876 2855 -3853 -21
3896 2862 -3855 -15
3916 2870 -3856 -9
3936 2878 -3858 -1
3956 2886 -3860 4
3976 2894 -3861 10
3976 2895 -3863 15
3976 2895 -3864 11
3976 2895 -3866 16
3976 2895 -3867 17
3976 2895 -3868 17
3976 2895 -3869 17
3976 2895 -3869 16
3976 2895 -3870 16
3976 2895 -3871 16
3976 2895 -3871 16
3976 2895 -3872 16
3976 2895 -3872 16
3976 2895 -3873 16
3976 2895 -3873 16
3976 2895 -3874 16
3976 2895 -3874 16
3976 2895 -3874 17
3976 2895 -3875 17
3976 2895 -3875 17
3976 2895 -3876 17
3976 2895 -3876 17
3976 2895 -3877 17
3976 2895 -3877 17
3976 2895 -3878 17
3976 2895 -3879 17
3976 2895 -3880 17
3976 2895 -3881 16
3976 2895 -3882 16
3976 2895 -3883 16
3976 2895 -3883 16
3976 2896 -3884 16
3976 2898 -3886 16
3956 2900 -3887 16
3936 2902 -3888 16
3916 2906 -3888 16
3896 2908 -3888 16
3876 2910 -3888 17
3836 2913 -3888 17
3796 2916 -3888 17
3756 2919 -3888 18
3716 2923 -3888 18
3676 2927 -3888 19
3636 2931 -3888 19
3596 2935 -3888 18
3556 2940 -3888 18
3516 2944 -3888 17
3476 2948 -3888 16
3436 2953 -3888 16
3396 2957 -3888 15
3356 2961 -3889 15
3316 2965 -3891 14
3276 2969 -3893 14
3236 2973 -3895 14
3196 2976 -3898 14
3156 2979 -3902 15
3116 2982 -3906 16
3116 2985 -3909 17
3116 2988 -3913 17
3116 2990 -3916 18
3116 2992 -3918 18
3116 2994 -3921 18
3116 2996 -3923 17
3116 2997 -3925 17
3116 2998 -3927 17
3116 3000 -3929 17
3116 3001 -3930 17
3116 3002 -3931 17
3116 3003 -3933 16
3116 3004 -3934 16
3116 3004 -3935 16
3116 3005 -3936 16
3116 3006 -3939 16
3116 3007 -3942 15
3116 3007 -3945 15
3116 3008 -3949 15
3116 3009 -3953 16
3116 3009 -3957 16
3116 3010 -3961 17
3116 3010 -3964 17
3116 3011 -3967 17
3116 3011 -3969 17
3116 3012 -3972 17
3116 3012 -3974 17
3116 3012 -3976 17
3116 3012 -3977 17
3116 3013 -3979 17
3116 3013 -3980 17
3116 3013 -3982 16
3116 3013 -3983 16
3096 3014 -3984 16
3076 3014 -3985 16
3056 3014 -3986 16
3036 3014 -3987 16
3016 3014 -3987 16
3016 3014 -3988 16
3016 3014 -3989 16
3016 3014 -3989 16
3016 3014 -3990 17
3016 3014 -3990 17
3016 3015 -3991 17
3016 3015 -3991 17
3016 3015 -3992 17
3016 3015 -3994 17
3016 3014 -3996 17
3016 3014 -3999 17
3016 3014 -4000 17
3016 3014 -4001 17
3016 3013 -4003 16
3016 3013 -4005 16
3016 3013 -4007 16
3016 3013 -4011 15
3016 3012 -4014 15
3016 3012 -4019 14
3016 3011 -4023 14
3016 3011 -4028 15
3016 3010 -4033 15
3016 3010 -4039 16
3016 3009 -4044 18
3016 3009 -4050 19
3036 3008 -4057 20
3056 3008 -4063 21
3076 3007 -4070 22
3096 3007 -4076 22
3096 3006 -4083 21
3096 3006 -4090 20
3096 3006 -4097 19
3096 3006 -4105 17
3096 3006 -4112 15
3096 3006 -4120 13
3096 3006 -4127 11
3096 3006 -4135 10
3096 3006 -4142 9
3096 3006 -4150 9
3096 3006 -4158 10
3096 3006 -4166 12
3096 3006 -4174 14
3076 3006 -4182 16
3056 3006 -4190 19
3036 3006 -4198 21
3036 3006 -4206 23
3036 3006 -4214 24
3036 3006 -4222 24
3036 3006 -4230 24
3036 3006 -4238 23
3036 3005 -4246 21
3036 3005 -4254 19
3036 3005 -4262 17
3036 3005 -4271 14
3036 3004 -4279 12
3036 3004 -4287 10
3036 3004 -4295 9
3036 3004 -4303 9
3036 3003 -4312 9
3036 3003 -4320 10
3036 3003 -4328 12
3036 3002 -4336 14
3036 3002 -4345 16
3036 3001 -4353 19
3036 3001 -4361 21
3036 3001 -4369 22
3036 3000 -4376 22
3036 3000 -4382 21
3036 3000 -4387 20
3036 3000 -4392 19
3036 2999 -4397 18
3036 2999 -4401 17
3036 2999 -4405 17
3036 2999 -4408 16
3036 2999 -4411 16
3036 2999 -4414 16
3036 2998 -4417 16
3036 2998 -4419 16
3036 2998 -4421 16
3036 2998 -4423 16
3036 2998 -4425 16
3036 2998 -4426 16
3036 2998 -4428 16
3036 2998 -4429 17
3036 2998 -4430 17
3036 2998 -4431 17
3036 2998 -4432 17
3036 2998 -4433 17
3036 2998 -4434 17
3036 2998 -4434 17
3036 2998 -4435 17
3036 2998 -4436 17
3036 2997 -4436 17
3036 2997 -4437 16
3036 2997 -4437 16
3036 2997 -4438 16
3036 2997 -4438 16
3036 2997 -4438 16
3036 2997 -4438 16
3036 2997 -4438 16
3036 2997 -4438 16
3036 2997 -4438 16
3036 2997 -4438 16
3036 2997 -4438 16
3036 2997 -4438 16
3036 2997 -4438 16
3036 2997 -4438 16
3036 2997 -4438 16
3036 2997 -4438 16
3036 2997 -4438 16
3036 2997 -4438 16
3036 2997 -4438 16
3036 2997 -4438 16
3036 2997 -4438 16
3036 2997 -4438 16
3036 2997 -4438 16
3036 2997 -4438 16
3036 2997 -4438 16
3036 2997 -4438 16
3036 2997 -4438 16
3036 2997 -4438 16
3036 2997 -4438 16
3036 2997 -4438 16
3036 2997 -4438 16
3036 2997 -4438 16
3036 2997 -4438 16
3036 2997 -4438 16
3036 2997 -4438 16
3036 2997 -4438 16
3036 2997 -4438 16
3036 2997 -4438 16
3036 2997 -4438 16
3036 2997 -4438 16
3036 2997 -4438 16
3036 2997 -4438 16
3036 2997 -4438 16
3036 2997 -4438 16
3036 2997 -4438 16
3036 2997 -4438 16
3036 2997 -4438 16
3036 2997 -4438 16
