1040 1068 -3582 41
1040 1068 -3582 41
1040 1068 -3582 41
1040 1068 -3582 41
1040 1068 -3582 41
1040 1068 -3582 41
1040 1068 -3582 41
1040 1068 -3582 41
1040 1068 -3582 41
1040 1068 -3582 41
1040 1068 -3582 41
1040 1068 -3582 41
1040 1068 -3582 41
1040 1068 -3582 41
1040 1068 -3582 41
1040 1068 -3582 41
1040 1068 -3582 41
1040 1068 -3582 41
1040 1068 -3582 41
1040 1068 -3582 41
1040 1068 -3582 41
1040 1068 -3582 41
1040 1068 -3582 41
1040 1068 -3582 41
1040 1068 -3582 41
1040 1068 -3582 41
1040 1068 -3582 41
1040 1068 -3582 41
1040 1068 -3582 41
1040 1068 -3582 41
1040 1068 -3582 41
1040 1068 -3582 41
1040 1068 -3582 41
1040 1068 -3582 41
1040 1068 -3582 41
1040 1068 -3582 41
1040 1068 -3582 41
1040 1068 -3582 41
1040 1068 -3582 41
1040 1068 -3582 41
1040 1068 -3582 41
1040 1068 -3582 41
1040 1068 -3582 41
1040 1068 -3582 41
1040 1068 -3582 41
1040 1068 -3582 41
1040 1068 -3582 41
1040 1068 -3582 41
1040 1068 -3582 41
1040 1068 -3582 41
1040 1068 -3582 41
1040 1068 -3582 41
1040 1068 -3582 41
1040 1068 -3582 41
1040 1068 -3582 41
1040 1068 -3582 41
1040 1068 -3582 41
1040 1068 -3582 41
1040 1068 -3582 41
1040 1068 -3582 41
1040 1068 -3582 41
1040 1068 -3582 41
1040 1068 -3582 41
1040 1068 -3582 41
1040 1068 -3582 41
1040 1068 -3582 41
1040 1068 -3582 41
1040 1068 -3582 41
1040 1068 -3582 41
1040 1068 -3582 41
1040 1068 -3582 41
1040 1068 -3582 41
1040 1068 -3582 41
1040 1068 -3582 41
1040 1068 -3582 41
1040 1068 -3582 41
1040 1068 -3582 41
1040 1068 -3582 41
1040 1068 -3582 41
1040 1068 -3582 41
1040 1068 -3582 41
1040 1068 -3582 41
1040 1068 -3582 41
1040 1068 -3582 41
1040 1068 -3582 41
1040 1068 -3582 41
1040 1068 -3582 41
1040 1068 -3582 41
1040 1068 -3582 41
1040 1068 -3582 41
1040 1068 -3582 41
1040 1068 -3582 41
1040 1068 -3582 41
1040 1068 -3582 41
1040 1068 -3582 41
1040 1068 -3582 41
1040 1068 -3582 41
1040 1068 -3582 41
1040 1068 -3582 41
1040 1068 -3582 41
1040 1068 -3582 41
1040 1068 -3582 41
1040 1068 -3582 41
1040 1068 -3581 41
1040 1067 -3580 41
1040 1067 -3578 41
1040 1067 -3575 41
1040 1067 -3572 41
1040 1067 -3568 41
1040 1067 -3564 41
1040 1067 -3559 41
1040 1067 -3554 41
1040 1067 -3549 41
1040 1067 -3544 41
1060 1066 -3538 41
1080 1066 -3532 41
1100 1066 -3526 41
1120 1066 -3519 41
1140 1065 -3513 41
1180 1064 -3506 41
1220 1064 -3499 41
1260 1063 -3492 41
1260 1061 -3485 41
1260 1060 -3478 41
1260 1059 -3471 41
1260 1057 -3464 41
1260 1055 -3456 41
1260 1053 -3449 41
1260 1051 -3442 41
1260 1049 -3434 41
1280 1047 -3427 41
1300 1045 -3419 41
1320 1042 -3412 41
1340 1040 -3405 41
1360 1037 -3397 41
1400 1034 -3390 41
1440 1031 -3382 41
1480 1028 -3375 41
1520 1025 -3368 41
1560 1021 -3361 39
1600 1018 -3354 36
1640 1014 -3346 33
1680 1010 -3338 33
1720 1006 -3331 33
1760 1002 -3324 31
1760 997 -3316 28
1760 992 -3309 25
1760 987 -3301 25
1760 982 -3294 25
1760 976 -3288 25
1760 971 -3281 25
1760 965 -3275 25
1760 959 -3269 25
1760 952 -3264 25
1780 946 -3258 25
1800 939 -3253 25
1820 933 -3248 26
1840 926 -3243 27
1860 919 -3239 28
1900 912 -3234 30
1940 905 -3230 32
1980 898 -3227 33
2020 891 -3223 34
2060 883 -3220 36
2060 876 -3217 38
2060 868 -3215 40
2060 861 -3213 41
2060 853 -3211 41
2060 845 -3209 41
2060 837 -3207 41
2060 829 -3206 41
2060 822 -3204 41
2060 814 -3203 41
2060 806 -3202 41
2060 798 -3201 41
2060 790 -3200 41
2080 781 -3200 41
2100 773 -3199 41
2120 765 -3199 41
2120 757 -3198 41
2120 749 -3198 41
2120 741 -3198 41
2120 733 -3198 41
2120 725 -3198 41
2120 716 -3198 41
2120 708 -3199 41
2120 700 -3199 41
2120 692 -3199 41
2120 683 -3200 41
2120 675 -3200 41
2120 667 -3200 39
2120 659 -3201 36
2120 650 -3201 33
2120 641 -3202 33
2120 632 -3203 33
2120 623 -3203 33
2120 614 -3204 33
2120 606 -3204 33
2120 597 -3205 33
2120 588 -3206 33
2120 580 -3207 33
2120 571 -3207 33
2120 563 -3208 33
2120 554 -3209 33
2120 546 -3210 33
2120 537 -3210 33
2120 529 -3211 33
2120 520 -3212 33
2120 512 -3213 33
2120 503 -3214 33
2120 495 -3215 33
2120 487 -3215 33
2120 478 -3216 33
2120 470 -3217 33
2120 462 -3218 33
2100 453 -3219 33
2080 445 -3220 33
2060 436 -3220 33
2040 428 -3221 33
2040 420 -3222 33
2040 411 -3222 33
2040 403 -3223 33
2040 395 -3223 33
2040 386 -3224 33
2040 378 -3224 33
2040 370 -3224 33
2040 361 -3224 33
2040 353 -3225 33
2040 345 -3225 33
2040 336 -3225 33
2040 328 -3225 33
2040 320 -3225 35
2040 311 -3225 37
2040 303 -3225 39
2040 295 -3225 44
2040 286 -3225 47
2040 278 -3226 51
2040 270 -3226 55
2040 261 -3226 60
2040 253 -3226 63
2040 245 -3226 67
2040 236 -3226 71
2040 228 -3225 76
2040 220 -3225 79
2040 211 -3225 83
2040 203 -3225 87
2040 195 -3225 92
2040 186 -3225 95
2040 178 -3225 99
2040 170 -3225 103
2040 161 -3225 108
2040 153 -3225 111
2060 145 -3225 115
2080 136 -3225 119
2100 128 -3225 124
2120 120 -3225 127
2140 111 -3225 131
2180 103 -3226 135
2220 95 -3226 139
2260 86 -3227 144
2300 78 -3228 145
2340 70 -3229 145
2340 62 -3231 145
2340 54 -3232 145
2340 46 -3234 145
2340 38 -3236 145
2340 30 -3238 145
2340 22 -3241 145
2320 15 -3243 145
2300 7 -3245 145
2280 -1 -3248 145
2260 -9 -3250 145
2240 -17 -3253 145
2200 -25 -3255 145
2160 -32 -3258 145
2120 -40 -3260 145
2080 -46 -3262 145
2040 -52 -3264 145
2000 -57 -3265 145
1960 -62 -3267 145
1920 -67 -3268 145
1880 -70 -3269 145
1840 -74 -3270 145
1800 -77 -3271 145
1760 -80 -3272 145
1720 -83 -3273 145
1680 -85 -3274 145
1640 -88 -3274 145
1600 -91 -3273 145
1560 -95 -3273 145
1520 -99 -3271 145
1480 -102 -3269 145
1440 -106 -3267 145
1400 -110 -3265 145
1360 -113 -3263 145
1320 -116 -3262 145
1280 -119 -3260 145
1240 -121 -3259 145
1200 -123 -3258 145
1160 -125 -3256 145
1120 -127 -3255 145
1080 -129 -3255 145
1040 -130 -3253 145
1000 -131 -3251 145
960 -132 -3248 145
920 -133 -3245 145
880 -134 -3241 145
840 -135 -3237 145
800 -135 -3234 145
760 -136 -3231 145
720 -136 -3229 145
680 -136 -3227 145
640 -137 -3224 145
600 -137 -3223 145
560 -137 -3221 145
520 -137 -3219 145
480 -136 -3216 145
440 -135 -3214 145
400 -133 -3211 145
360 -131 -3208 145
320 -128 -3205 145
280 -125 -3202 145
240 -123 -3199 145
200 -121 -3197 145
160 -119 -3195 145
120 -117 -3193 145
80 -115 -3191 145
40 -112 -3189 145
40 -109 -3188 145
40 -105 -3186 145
40 -100 -3185 145
40 -96 -3184 145
40 -91 -3182 145
20 -85 -3181 145
0 -80 -3180 145
4076 -74 -3179 145
4056 -68 -3178 145
4036 -62 -3178 145
4036 -55 -3177 145
4036 -48 -3177 145
4036 -42 -3177 145
4036 -35 -3176 145
4036 -28 -3176 145
4036 -20 -3176 145
4036 -13 -3176 145
4036 -6 -3176 145
4036 2 -3177 145
4016 9 -3177 145
3996 17 -3177 145
3976 25 -3178 145
3956 32 -3178 145
3936 40 -3179 145
3936 48 -3180 145
3936 56 -3181 145
3936 64 -3182 145
3936 71 -3183 145
3936 79 -3184 145
3936 87 -3186 145
3936 95 -3187 145
3936 103 -3188 145
3936 111 -3190 145
3936 119 -3191 145
3956 127 -3193 145
3976 135 -3194 145
3996 143 -3196 145
4016 151 -3198 145
4016 159 -3199 145
4016 167 -3200 143
4016 175 -3202 140
4016 183 -3203 136
4016 191 -3205 131
4016 199 -3206 125
4036 207 -3208 118
4056 216 -3209 113
4076 225 -3211 113
0 234 -3212 111
20 242 -3214 108
20 251 -3216 104
20 260 -3217 99
20 269 -3219 93
20 278 -3220 86
20 287 -3222 78
20 295 -3223 69
20 305 -3225 63
20 315 -3226 63
20 324 -3228 61
20 334 -3229 58
20 343 -3231 54
20 353 -3232 49
20 363 -3234 43
20 372 -3235 36
20 383 -3237 30
20 393 -3238 30
20 403 -3239 29
40 413 -3240 29
40 422 -3241 29
40 432 -3242 29
40 441 -3242 30
40 451 -3243 30
40 460 -3243 31
60 469 -3244 33
80 478 -3244 33
100 487 -3244 33
120 496 -3244 33
140 505 -3243 33
180 514 -3243 33
220 523 -3242 33
260 531 -3241 33
300 540 -3240 33
340 548 -3239 33
340 556 -3237 33
340 564 -3235 33
340 573 -3233 33
340 581 -3231 33
340 588 -3228 33
340 596 -3226 33
340 604 -3223 33
340 612 -3220 33
340 620 -3217 33
340 627 -3214 33
340 635 -3210 33
340 642 -3207 33
340 650 -3204 33
360 657 -3200 33
380 665 -3197 33
400 672 -3193 33
420 680 -3189 33
440 687 -3185 33
480 694 -3181 33
520 701 -3177 34
520 708 -3172 35
520 715 -3168 36
520 721 -3163 38
520 728 -3158 40
520 735 -3153 41
520 741 -3148 41
520 748 -3143 41
520 754 -3138 41
520 760 -3133 41
520 766 -3127 41
500 773 -3122 41
480 779 -3116 41
460 785 -3111 41
440 791 -3106 41
420 798 -3100 41
380 804 -3095 41
380 811 -3090 41
380 817 -3085 41
380 824 -3080 41
380 830 -3075 41
380 837 -3070 41
380 843 -3065 41
380 850 -3060 41
380 857 -3055 41
380 863 -3050 41
380 870 -3045 41
380 877 -3040 41
360 884 -3035 41
340 890 -3031 41
320 897 -3026 41
300 904 -3021 41
280 911 -3017 41
240 918 -3013 41
200 925 -3009 41
160 933 -3005 41
120 940 -3001 41
80 947 -2997 41
40 955 -2994 41
0 963 -2991 41
4056 970 -2989 41
4056 978 -2986 41
4056 986 -2984 41
4056 993 -2983 41
4056 1001 -2981 41
4056 1009 -2980 41
4056 1017 -2978 41
4056 1025 -2977 41
4056 1033 -2977 41
4056 1041 -2976 41
4076 1049 -2975 41
0 1057 -2974 41
20 1066 -2974 41
40 1074 -2973 41
60 1082 -2973 41
100 1090 -2972 41
140 1098 -2971 41
180 1106 -2970 41
220 1114 -2969 41
260 1122 -2968 41
300 1130 -2967 41
340 1138 -2965 41
380 1146 -2963 41
420 1154 -2961 41
460 1162 -2958 41
460 1169 -2955 41
460 1176 -2952 41
460 1184 -2949 41
480 1191 -2945 41
500 1198 -2941 41
520 1205 -2937 41
540 1212 -2933 41
560 1218 -2929 41
600 1225 -2924 41
640 1231 -2920 41
680 1238 -2915 41
720 1243 -2909 41
760 1249 -2904 41
800 1255 -2898 41
840 1260 -2892 41
880 1265 -2886 41
920 1269 -2880 41
960 1273 -2873 41
1000 1277 -2867 41
1040 1280 -2860 41
1040 1283 -2853 41
1040 1286 -2846 41
1040 1289 -2839 41
1040 1291 -2831 41
1040 1293 -2824 41
1040 1295 -2816 41
1040 1296 -2809 41
1040 1298 -2801 41
1040 1299 -2793 41
1040 1300 -2786 41
1040 1301 -2778 41
1040 1302 -2770 41
1040 1303 -2762 41
1040 1304 -2754 41
1040 1304 -2746 41
1040 1305 -2738 41
1020 1305 -2730 41
1000 1306 -2722 41
980 1306 -2714 41
960 1307 -2706 41
940 1307 -2698 41
900 1308 -2689 41
860 1309 -2681 41
820 1310 -2673 41
780 1311 -2665 41
740 1312 -2657 41
700 1314 -2649 41
660 1316 -2641 41
660 1318 -2633 41
660 1320 -2626 41
660 1323 -2618 41
660 1325 -2610 41
660 1328 -2603 41
660 1331 -2595 41
660 1334 -2588 41
660 1338 -2580 41
640 1341 -2573 41
620 1345 -2566 41
600 1348 -2558 41
580 1352 -2551 41
560 1356 -2544 41
520 1360 -2537 41
480 1365 -2530 41
440 1369 -2524 41
400 1374 -2517 41
360 1379 -2511 41
320 1384 -2505 41
280 1389 -2499 41
240 1395 -2493 41
200 1401 -2488 41
160 1407 -2483 41
120 1408 -2483 41
80 1410 -2482 41
40 1413 -2482 41
0 1416 -2482 41
4056 1419 -2481 41
4056 1423 -2481 41
4056 1428 -2481 41
4056 1433 -2481 41
4056 1438 -2481 41
4056 1443 -2481 41
4056 1449 -2481 41
4056 1455 -2481 41
4056 1461 -2481 41
4056 1467 -2481 41
4056 1474 -2481 41
4056 1481 -2482 41
4056 1487 -2482 41
4056 1494 -2482 41
4056 1502 -2482 41
4056 1509 -2483 41
4056 1516 -2483 41
4036 1524 -2483 41
4016 1531 -2484 41
3996 1539 -2484 41
3976 1546 -2485 41
3956 1554 -2486 41
3916 1562 -2487 41
3876 1569 -2488 41
3836 1577 -2489 41
3796 1585 -2490 41
3796 1592 -2492 41
3796 1600 -2494 41
3796 1608 -2496 41
3796 1615 -2498 41
3796 1623 -2500 41
3796 1631 -2503 41
3796 1638 -2506 41
3796 1646 -2508 41
3796 1653 -2511 41
3796 1661 -2514 41
3796 1668 -2517 41
3796 1676 -2520 41
3796 1683 -2523 41
3796 1691 -2526 41
3796 1698 -2529 41
3796 1706 -2532 41
3796 1714 -2536 41
3796 1721 -2539 41
3796 1729 -2542 41
3796 1736 -2546 41
3796 1744 -2549 41
3816 1751 -2553 41
3836 1759 -2556 41
3856 1766 -2559 41
3876 1774 -2563 41
3896 1781 -2566 41
3896 1789 -2569 41
3896 1797 -2572 41
3896 1804 -2575 41
3896 1812 -2578 41
3896 1820 -2581 41
3896 1828 -2584 41
3896 1835 -2587 41
3896 1843 -2590 41
3896 1851 -2593 41
3916 1859 -2595 41
3936 1867 -2598 41
3956 1874 -2601 41
3976 1882 -2603 41
3996 1890 -2606 41
3996 1898 -2608 41
3996 1906 -2610 41
3996 1914 -2612 41
3996 1922 -2614 41
3996 1930 -2616 41
3996 1938 -2618 41
3996 1947 -2620 41
3996 1955 -2622 41
3996 1963 -2623 41
3996 1971 -2625 41
4016 1979 -2627 41
4036 1987 -2628 41
4056 1995 -2630 41
4076 2003 -2631 41
0 2012 -2632 41
0 2020 -2633 41
0 2028 -2634 41
0 2036 -2635 41
0 2045 -2636 41
0 2053 -2637 41
0 2061 -2637 41
0 2069 -2638 41
0 2078 -2639 41
0 2086 -2639 41
0 2094 -2640 41
0 2102 -2640 41
0 2111 -2640 41
0 2119 -2641 41
0 2127 -2641 41
0 2136 -2641 41
0 2144 -2641 41
0 2152 -2642 41
0 2161 -2642 41
0 2169 -2642 41
0 2177 -2642 41
0 2186 -2642 41
0 2194 -2643 41
4076 2202 -2643 41
4076 2210 -2643 41
4076 2219 -2643 41
4076 2227 -2643 41
4076 2235 -2643 41
4076 2244 -2644 41
4076 2252 -2644 41
4076 2260 -2644 41
4076 2269 -2644 41
4076 2277 -2644 41
4076 2285 -2645 41
4076 2294 -2645 41
4076 2302 -2645 41
4076 2310 -2645 41
4076 2319 -2645 41
4076 2327 -2646 41
4076 2335 -2646 41
4076 2344 -2646 41
4076 2352 -2646 41
4076 2360 -2647 41
0 2369 -2647 41
20 2377 -2647 41
40 2385 -2647 41
40 2394 -2647 41
40 2402 -2647 41
40 2410 -2647 41
40 2419 -2647 41
40 2427 -2647 41
40 2435 -2647 41
40 2444 -2647 41
40 2452 -2646 41
40 2460 -2646 41
20 2469 -2646 41
0 2477 -2646 41
4076 2485 -2645 41
4056 2494 -2645 41
4036 2502 -2645 41
3996 2510 -2645 41
3956 2518 -2646 41
3916 2527 -2646 41
3916 2535 -2646 39
3916 2543 -2646 36
3916 2552 -2647 33
3916 2561 -2647 33
3916 2570 -2648 33
3916 2579 -2649 33
3916 2588 -2650 33
3916 2596 -2651 33
3916 2605 -2652 33
3916 2613 -2654 33
3916 2622 -2655 33
3916 2630 -2657 33
3916 2639 -2658 33
3916 2647 -2660 33
3896 2656 -2662 33
3876 2664 -2664 33
3856 2672 -2666 33
3836 2680 -2668 33
3816 2688 -2670 33
3776 2696 -2672 33
3736 2704 -2675 33
3696 2712 -2677 33
3656 2720 -2680 33
3616 2728 -2683 31
3576 2736 -2686 28
3536 2744 -2689 25
3496 2752 -2693 25
3496 2760 -2697 25
3496 2768 -2701 25
3496 2775 -2705 25
3496 2782 -2710 25
3496 2789 -2715 25
3496 2795 -2720 25
3496 2802 -2725 25
3496 2808 -2730 25
3496 2815 -2735 25
3496 2821 -2741 25
3496 2827 -2747 25
3496 2833 -2752 25
3496 2839 -2758 25
3496 2845 -2764 25
3476 2851 -2770 23
3456 2856 -2776 20
3436 2863 -2782 17
3416 2869 -2789 17
3396 2875 -2795 17
3356 2880 -2802 17
3316 2886 -2809 17
3276 2891 -2816 17
3236 2896 -2823 17
3196 2901 -2830 17
3196 2905 -2837 17
3196 2909 -2844 17
3196 2913 -2852 17
3196 2916 -2859 17
3196 2920 -2867 17
3196 2923 -2874 17
3196 2926 -2882 17
3196 2929 -2890 17
3196 2932 -2897 17
3196 2934 -2905 17
3196 2937 -2913 17
3196 2939 -2921 17
3196 2942 -2929 17
3196 2944 -2937 17
3176 2946 -2945 17
3156 2949 -2952 17
3136 2951 -2960 17
3116 2952 -2969 17
3116 2954 -2977 17
3116 2956 -2985 17
3116 2957 -2993 17
3116 2959 -3001 17
3116 2960 -3009 17
3116 2961 -3017 17
3116 2963 -3025 17
3116 2964 -3034 17
3116 2966 -3050 17
3116 2967 -3058 17
3116 2968 -3066 17
3136 2969 -3075 17
3156 2970 -3083 17
3176 2971 -3091 17
3196 2972 -3099 17
3216 2973 -3108 17
3256 2974 -3116 17
3256 2976 -3124 17
3256 2977 -3132 17
3256 2979 -3140 17
3256 2984 -3165 17
3256 2987 -3181 17
3276 2989 -3189 17
3336 2995 -3213 17
3336 2998 -3221 17
3336 3000 -3229 17
3336 3002 -3237 17
3336 3005 -3245 17
3336 3010 -3260 17
3336 3016 -3276 17
3316 3019 -3284 17
3296 3022 -3292 17
3236 3030 -3315 17
3236 3037 -3339 17
3236 3040 -3347 17
3236 3042 -3355 17
3236 3045 -3363 17
3236 3047 -3371 15
3236 3050 -3379 12
3236 3052 -3386 8
3236 3055 -3394 3
3236 3057 -3402 4
3236 3059 -3410 6
3236 3062 -3418 9
3236 3064 -3426 11
3216 3066 -3434 14
3196 3069 -3442 17
3176 3071 -3450 17
3156 3073 -3458 17
3136 3075 -3466 17
3096 3076 -3475 17
3056 3078 -3483 17
3016 3079 -3491 17
2976 3081 -3499 17
2936 3081 -3507 17
2896 3082 -3515 17
2856 3082 -3523 17
2856 3082 -3531 17
2856 3082 -3540 17
2856 3081 -3548 17
2856 3081 -3556 17
2856 3080 -3564 17
2856 3079 -3572 17
2856 3078 -3580 17
2856 3076 -3588 17
2836 3075 -3596 17
2816 3073 -3604 17
2796 3071 -3611 17
2776 3069 -3619 17
2756 3067 -3627 17
2716 3064 -3631 17
2676 3061 -3631 17
2636 3059 -3632 17
2636 3056 -3632 17
2636 3053 -3633 17
2636 3050 -3635 17
2656 3047 -3637 17
2676 3043 -3639 17
2696 3040 -3642 17
2716 3036 -3646 17
2736 3032 -3649 17
2776 3029 -3653 17
2816 3025 -3658 17
2856 3021 -3662 17
2896 3018 -3667 17
2936 3015 -3673 17
2976 3012 -3678 17
2976 3009 -3684 17
2976 3006 -3690 17
2976 3003 -3696 17
2976 3001 -3703 17
2976 2999 -3710 17
2976 2996 -3716 17
2976 2994 -3723 17
2996 2992 -3730 17
3016 2990 -3737 17
3036 2988 -3745 17
3056 2987 -3752 17
3076 2985 -3759 17
3116 2984 -3767 17
3156 2983 -3775 17
3196 2982 -3782 17
3196 2982 -3790 17
3196 2981 -3798 17
3196 2981 -3806 17
3196 2981 -3813 17
3196 2981 -3821 17
3196 2981 -3829 17
3196 2982 -3837 17
3196 2982 -3845 17
3196 2983 -3853 17
3196 2983 -3861 17
3196 2984 -3869 17
3196 2985 -3877 17
3196 2986 -3885 17
3196 2987 -3893 17
3196 2988 -3901 17
3176 2989 -3909 17
3156 2990 -3917 17
3136 2991 -3925 17
3136 2992 -3934 17
3136 2993 -3942 17
3136 2994 -3950 17
3136 2995 -3958 17
3136 2996 -3966 17
3136 2997 -3974 17
3136 2998 -3983 17
3136 2999 -3991 17
3116 3000 -3999 17
3096 3001 -4007 17
3096 3001 -4016 17
3096 3002 -4024 17
3096 3003 -4032 17
3096 3003 -4040 17
3096 3004 -4049 17
3076 3005 -4057 17
3056 3005 -4065 17
3036 3006 -4073 17
3016 3006 -4082 17
3016 3006 -4090 17
3016 3006 -4098 17
3016 3006 -4107 17
3016 3006 -4115 17
3016 3006 -4123 17
3016 3006 -4131 17
3016 3006 -4140 17
3016 3006 -4148 17
3016 3005 -4156 17
3036 3005 -4165 17
3056 3005 -4173 17
3056 3004 -4181 17
3056 3004 -4190 17
3056 3004 -4198 17
3056 3003 -4206 17
3056 3003 -4214 17
3056 3003 -4223 17
3056 3003 -4231 17
3056 3002 -4239 17
3056 3002 -4248 17
3056 3002 -4256 17
3056 3002 -4264 17
3056 3002 -4273 17
3056 3001 -4281 17
3076 3001 -4289 17
3096 3001 -4298 17
3116 3001 -4306 17
3116 3001 -4314 17
3116 3001 -4323 17
3116 3001 -4331 17
3116 3001 -4339 17
3116 3001 -4348 17
3116 3001 -4356 17
3116 3002 -4364 17
3116 3002 -4373 17
3116 3002 -4381 17
3116 3003 -4389 17
3116 3003 -4397 17
3116 3003 -4406 17
3116 3004 -4414 17
3116 3004 -4422 17
3116 3004 -4431 17
3116 3005 -4439 17
3116 3005 -4447 17
3116 3006 -4456 17
3096 3006 -4464 17
3076 3007 -4472 17
3056 3007 -4481 17
3056 3007 -4489 17
3056 3008 -4497 17
3056 3008 -4506 17
3056 3008 -4514 17
3056 3008 -4522 17
3056 3008 -4531 17
3056 3008 -4539 17
3056 3008 -4547 17
3056 3008 -4556 17
3056 3008 -4564 17
3056 3008 -4572 17
3056 3008 -4581 17
3056 3008 -4589 17
3056 3008 -4597 17
3056 3008 -4606 17
3036 3008 -4614 17
3016 3008 -4622 17
2996 3008 -4630 17
2976 3008 -4637 17
2956 3007 -4643 17
2916 3007 -4648 17
2876 3007 -4653 17
2836 3007 -4658 17
2796 3007 -4662 17
2756 3007 -4666 17
2716 3007 -4669 17
2676 3007 -4673 17
2636 3007 -4675 17
2596 3007 -4678 17
2556 3007 -4680 17
2516 3007 -4682 17
2476 3007 -4684 17
2436 3007 -4686 17
2396 3006 -4688 17
2356 3006 -4689 17
2316 3006 -4690 17
2316 3006 -4691 17
2316 3006 -4692 17
2316 3006 -4693 17
2316 3006 -4694 17
2316 3006 -4695 17
2316 3006 -4696 17
2316 3006 -4696 17
2316 3006 -4697 17
2316 3006 -4698 17
2316 3006 -4698 17
2316 3006 -4698 17
2316 3006 -4699 17
2316 3006 -4699 17
2316 3006 -4700 17
2316 3006 -4700 17
2316 3006 -4700 17
2316 3006 -4700 17
2316 3006 -4701 17
2316 3006 -4701 17
2316 3006 -4701 17
2316 3006 -4701 17
2316 3006 -4701 17
2316 3006 -4701 17
2316 3006 -4701 17
2316 3006 -4702 17
2316 3006 -4702 17
2316 3006 -4702 17
2316 3006 -4702 17
2316 3006 -4702 17
2316 3006 -4702 17
2316 3006 -4702 17
2316 3006 -4702 17
2316 3006 -4702 17
2316 3006 -4702 17
2316 3006 -4702 17
2316 3006 -4702 17
2316 3006 -4702 17
2316 3006 -4702 17
2316 3006 -4702 17
2316 3006 -4702 17
2316 3006 -4702 17
2316 3006 -4702 17
2316 3006 -4702 17
2316 3006 -4702 17
2316 3006 -4702 17
2316 3006 -4702 17
2316 3006 -4702 17
2316 3006 -4702 17
2316 3006 -4702 17
2316 3006 -4702 17
2316 3006 -4702 17
2316 3006 -4702 17
2316 3006 -4702 17
2316 3006 -4702 17
2316 3006 -4702 17
2316 3006 -4702 17
2316 3006 -4702 17
2316 3006 -4702 17
2316 3006 -4702 17
2316 3006 -4702 17
2316 3006 -4702 17
2316 3006 -4702 17
2316 3006 -4702 17
2316 3006 -4702 17
2316 3006 -4702 17
2316 3006 -4702 17
2316 3006 -4702 17
2316 3006 -4702 17
2316 3006 -4702 17
2316 3006 -4702 17
2316 3006 -4702 17
2316 3006 -4702 17
2316 3006 -4702 17
2316 3006 -4702 17
2316 3006 -4702 17
2316 3006 -4702 17
2316 3006 -4702 17
2316 3006 -4702 17
2316 3006 -4702 17
2316 3006 -4702 17
2316 3006 -4702 17
2316 3006 -4702 17
2316 3006 -4702 17
2316 3006 -4702 17
2316 3006 -4702 17
2316 3006 -4702 17
2316 3006 -4702 17
