1260 1061 -3485 41
1720 1006 -3331 33
1760 965 -3275 25
1940 905 -3230 32
2060 837 -3207 41
2120 749 -3198 41
2120 741 -3198 41
2120 733 -3198 41
2120 725 -3198 41
2120 716 -3198 41
2120 708 -3199 41
2120 700 -3199 41
2120 692 -3199 41
2120 683 -3200 41
2120 675 -3200 41
2120 667 -3200 39
2120 659 -3201 36
2120 650 -3201 33
2120 641 -3202 33
2120 632 -3203 33
2120 623 -3203 33
2120 614 -3204 33
2120 606 -3204 33
2120 597 -3205 33
2120 588 -3206 33
2120 580 -3207 33
2120 571 -3207 33
2120 563 -3208 33
2120 554 -3209 33
2120 546 -3210 33
2120 537 -3210 33
2120 529 -3211 33
2120 520 -3212 33
2120 512 -3213 33
2120 503 -3214 33
2120 495 -3215 33
2120 487 -3215 33
2120 478 -3216 33
2120 470 -3217 33
2120 462 -3218 33
2100 453 -3219 33
2080 445 -3220 33
2060 436 -3220 33
2040 428 -3221 33
2040 420 -3222 33
2040 411 -3222 33
2040 403 -3223 33
2040 395 -3223 33
2040 386 -3224 33
2040 378 -3224 33
2040 370 -3224 33
2040 361 -3224 33
2040 353 -3225 33
2040 345 -3225 33
2040 336 -3225 33
2040 328 -3225 33
2040 320 -3225 35
2040 311 -3225 37
2040 303 -3225 39
2040 295 -3225 44
2040 286 -3225 47
2040 278 -3226 51
2040 270 -3226 55
2040 261 -3226 60
2040 253 -3226 63
2040 245 -3226 67
2040 236 -3226 71
2040 228 -3225 76
2040 220 -3225 79
2040 211 -3225 83
2040 203 -3225 87
2040 195 -3225 92
2040 186 -3225 95
2040 178 -3225 99
2040 170 -3225 103
2040 161 -3225 108
2040 153 -3225 111
2060 145 -3225 115
2080 136 -3225 119
2100 128 -3225 124
2120 120 -3225 127
2140 111 -3225 131
2180 103 -3226 135
2220 95 -3226 139
2260 86 -3227 144
2300 78 -3228 145
2340 70 -3229 145
2340 62 -3231 145
2340 54 -3232 145
2340 46 -3234 145
2340 38 -3236 145
2340 30 -3238 145
2340 22 -3241 145
2320 15 -3243 145
2300 7 -3245 145
2280 -1 -3248 145
2260 -9 -3250 145
2240 -17 -3253 145
2200 -25 -3255 145
2160 -32 -3258 145
2120 -40 -3260 145
