40
1001000000000111100010100001100000000101
1001000000000111100010000101100000100010
0000000100111000010001011010011110011000
1001000000000111100010000101100000100010
1001000000000111100010100001100000000101
0000000100111000010100011010011110011000
0100000000000000001000000000000001000000
0000000100111000010101011010011110011000
0000000100111000010101011010010110011000
1000000000000111100000100100000000100111
0000000100111000010101011010010110011000
0000000100111000010101011010001010011000
1000000000000111100000100100000000100111
0000000100111000010101011010011110011000
0000000100111000010101011010011110011000
1001000000000111100010100101100000000101
1001000000000111100010100101100000100010
0000000100111000010101011010011110011000
0000000100111000010000011010011110001000
0100000000000000000000000000000001000000
0000000100111000010000011010011110010000
0000000000000111100000100100000000100111
0000000100111000010101011010011110011000
1001000000000111100010100101100000100111
1001000000000111100010100101100000100111
0000000100111000010101011010011110011000
1001000000000111100010100101100000100111
1001000000000111100010100101100000100111
0000000100111000010101011010011110011000
0000001000000000000000000000000000000000
0000000000011000010101011010011110011000
0000000000011000010101011010011110011000
0000100000000000000000000000000000000000
0000001001000000000000000000000000000000
1000000000000111100000100100000000100111
0000100010000000000000000000000000000000
0010000000000000000000000000000000000000
0010010000000000000000000000000000000000
0100000000000000001000000000000001000000
1001000000000111100000100101100000100111
1000010000001101101000001001001000010001
1000010000001101101000010001001000001010
1000010000001101101000001001001000010001
0000000011010010010001100110110110100100
0000000011010010010100100110110110100100
1000010000001101101000010001001000001010
0100000000000000000010000000000001000000
0000000011010010010101100110110110100100
0000000011010010010101100110010110100100
0000000011010010010101100110100010100100
0000000011010010010101100110010110100100
1000000000001101100000011000000000011011
1000000000001101100000011000000000011011
0000000011010010010101100110110110100100
1000010000001101101000011001001000001010
0000000011010010010101100110110110100100
0000000011010010010101100110110110100100
1000010000001101101000011001001000010001
0000000011010010010000100110110110000100
0000000000001101100000011000000000011011
0000000011010010010000100110110110100000
0100000000000000000000000000000001000000
0000000011010010010101100110110110100100
1000010000001101101000011001001000011011
1000010000001101101000011001001000011011
1000010000001101101000011001001000011011
1000010000001101101000011001001000011011
0000000011010010010101100110110110100100
0000000011010010010101100110110110100100
0000000000010010010101100110110110100100
0000001000000000000000000000000000000000
0000100000000000000000000000000000000000
0000000000010010010101100110110110100100
0000001000100000000000000000000000000000
0010000000000000000000000000000000000000
0000100100000000000000000000000000000000
1000000000001101100000011000000000011011
0011000000000000000000000000000000000000
0100000000000000000010000000000001000000
1000010000001101100000011001001000011011
0100001000001110010100001010000100000101
0100001000001110010100000110000100001010
0000000001110001101000110001111001110000
0000000001110001100010110001111001110000
0100001000001110010100001010000100000101
0100001000001110010100000110000100001010
0000000001110001101010110001111001110000
1000000000000000000001000000000010000000
0000000001110001101010110001010001110000
0000000001110001101010110001101001110000
0100000000001110010000001100000000001111
0000000001110001101010110001101001110000
0000000001110001101010110001111001110000
0100000000001110010000001100000000001111
0000000001110001101010110001111001110000
0000000001110001101010110001111001110000
0100001000001110010100001110000100001010
0100001000001110010100001110000100000101
0000000000001110010000001100000000001111
0000000001110001100000110001111001010000
1000000000000000000000000000000010000000
0000000001110001100000110001111001100000
0100001000001110010100001110000100001111
0000000001110001101010110001111001110000
0100001000001110010100001110000100001111
0100001000001110010100001110000100001111
0000000001110001101010110001111001110000
0100001000001110010100001110000100001111
0000000001110001101010110001111001110000
0001000000000000000000000000000000000000
0000010000000000000000000000000000000000
0000000000010001101010110001111001110000
0000000000010001101010110001111001110000
0010000000000000000000000000000000000000
0000010010000000000000000000000000000000
0100000000001110010000001100000000001111
0001000100000000000000000000000000000000
0010100000000000000000000000000000000000
0100001000001110010000001110000100001111
1000000000000000000001000000000010000000
0100100000001011010001100010010000010001
0100100000001011010001010010010000100010
0100100000001011010001100010010000010001
0100100000001011010001010010010000100010
0000000110010100100010001101101101001100
0000000110010100101000001101101101001100
0000000110010100101010001101101101001100
1000000000000000000100000000000010000000
0100000000001011010000110000000000110011
0000000110010100101010001101101001001100
0000000110010100101010001101000101001100
0000000110010100101010001101101001001100
0000000110010100101010001101101101001100
0100000000001011010000110000000000110011
0100100000001011010001110010010000100010
0100100000001011010001110010010000010001
0000000110010100101010001101101101001100
0000000110010100101010001101101101001100
1000000000000000000000000000000010000000
0000000110010100100000001101101101001000
0000000000001011010000110000000000110011
0000000110010100100000001101101101000100
0100100000001011010001110010010000110011
0000000110010100101010001101101101001100
0000000110010100101010001101101101001100
0100100000001011010001110010010000110011
0100100000001011010001110010010000110011
0100100000001011010001110010010000110011
0000000110010100101010001101101101001100
0000000000010100101010001101101101001100
0000000000010100101010001101101101001100
0000010000000000000000000000000000000000
0001000000000000000000000000000000000000
0100000000001011010000110000000000110011
0000010001000000000000000000000000000000
0010000000000000000000000000000000000000
0001000000100000000000000000000000000000
0010001000000000000000000000000000000000
0100100000001011010000110010010000110011
1000000000000000000100000000000010000000
