13
1001110010111
0110001101000
1001110010111
1001110010111
1001110010111
0110001101000
0110001101000
1001110010111
1001110010111
0110001101000
1001110010111
1001110010111
0110001101000
0110110011101
0110110011101
0110110011101
1001001100010
0110110011101
1001001100010
1001001100010
0110110011101
0110110011101
0110110011101
1001001100010
1001001100010
0110110011101
0011110101110
0011110101110
1100001010001
0011110101110
1100001010001
0011110101110
1100001010001
0011110101110
0011110101110
1100001010001
1100001010001
0011110101110
0011110101110
0011001010100
1100110101011
1100110101011
1100110101011
0011001010100
1100110101011
0011001010100
1100110101011
1100110101011
1100110101011
1100110101011
0011001010100
0011001010100
