15
100101010000111
011000100001000
100101010000111
100100010000101
011010101010000
100101000000111
011010101010000
000000100100000
011010101111000
100101010000101
011010101010000
011010101011000
100101010000111
100101010000111
011010101011000
011001000101101
011000000100101
011001000101101
100100100000010
100110101010000
000000110000000
100110101010000
011001000001101
100110111010010
011001000100101
100110101010000
011001000101101
100110101010010
100110101010010
011001000101101
001100000011010
001110000011110
110000100000001
001110000011110
000000101000000
110001110100000
001110000001110
110001110100000
110001111100001
110001110100000
001110000011010
110001110100001
110001110100001
001110000011110
001110000011110
001100100000100
110010001001011
110000001001010
110010001001011
110010000001011
001101110100000
000000100010000
001101110100000
001101110110100
001101110100000
110010001001010
110010001001011
110010001001011
001101110100100
001101110100100
